grasp_points: 
    # index : 0.8
    - lower_bound:    [-0.432292, 0.394773, 0.0613541]
      upper_bound:    [-0.432292, 0.373717, 0.341387]
      orientation:    [0.706609, -0.0265278, 0.706609, -0.0265275]
      distance:       0.280823

    - lower_bound:    [-0.417554, 0.34763, 0.383668]
      upper_bound:    [-0.40528, 0.0276441, 0.32571]
      orientation:    [0.717459, -0.690838, -0.0634221, -0.0630359]
      distance:       0.325424